(0, 0)
(3, 7.9609375)
(5527, 15.828125)
(298, 15.828125)
(4, 20.0625)
(5528, 32.3671875)
(299, 32.3671875)
(5, 36.5546875)
(300, 143.59375)
(5529, 143.59375)
(6, 393.171875)
(301, 507.8359375)
(5530, 507.8359375)
(7, 494.6171875)
(5531, 488.1171875)
(302, 488.1171875)
(8, 506.6640625)
(303, 477.2265625)
(5532, 477.8359375)
(9, 510.0390625)
(5533, 481.0078125)
(304, 481.0078125)
(10, 500.5234375)
(305, 493.703125)
(5534, 519.2734375)
(11, 488.515625)
(306, 506.0390625)
(5535, 506.0390625)
(12, 499.90625)
(5536, 503.34375)
(307, 503.34375)
(13, 519.8203125)
(5537, 506.015625)
(308, 494.125)
(14, 468.078125)
(5538, 518.3046875)
(309, 518.3046875)
(15, 488.265625)
(5539, 486.6640625)
(310, 510.4453125)
(16, 513.6015625)
(311, 480.8203125)
(5540, 504.6015625)
(17, 489.9921875)
(5541, 515.0234375)
(312, 515.0234375)
(18, 507.1328125)
(5542, 502.390625)
(313, 502.390625)
(19, 479.25)
(5543, 491.6953125)
(314, 491.6953125)
(20, 503.390625)
(5544, 501.1328125)
(315, 501.1328125)
(21, 499.40625)
(5545, 506.265625)
(316, 506.265625)
(22, 506.8203125)
(5546, 488.7109375)
(317, 502.390625)
(23, 506.15625)
(5547, 509.1015625)
(318, 507.3125)
(24, 480.3671875)
(5548, 480.1640625)
(319, 480.1640625)
(25, 479.6484375)
(5549, 503.609375)
(320, 503.609375)
(26, 502.96875)
(5550, 523.1875)
(321, 475.625)
(27, 508.6171875)
(5551, 485.875)
(322, 509.65625)
(28, 538.84375)
(5552, 490.2421875)
(323, 537.8046875)
(29, 535.078125)
(5553, 416.4921875)
(324, 470.6171875)
(30, 1126.5234375)
(5554, 2594.3125)
(325, 2660.25)
(31, 2961.5703125)
(5555, 2971.8125)
(326, 2995.59375)
(32, 2980.4140625)
(5556, 2979.59375)
(327, 2978.1875)
(33, 3005.640625)
(5557, 2967.421875)
(328, 2954.4921875)
(34, 2950.578125)
(5558, 2948.875)
(329, 2984.546875)
(35, 2951.390625)
(5559, 2987.5390625)
(330, 2975.6484375)
(36, 2974.5390625)
(5560, 3002.484375)
(331, 2966.8125)
(37, 2981.546875)
(5561, 2957.984375)
(332, 2981.765625)
(38, 2944.7890625)
(5562, 2968.7578125)
(333, 2968.7578125)
(39, 2968.546875)
(5563, 2976.9765625)
(334, 2976.9765625)
(40, 2974.2421875)
(5564, 2997.84375)
(335, 3010.40625)
(41, 2943.6875)
(5565, 3015.8515625)
(336, 3015.1796875)
(42, 2939.2109375)
(5566, 2986.4375)
(337, 2951.40625)
(43, 2975.1875)
(5567, 2971.6171875)
(338, 2959.0859375)
(44, 3008.0546875)
(5568, 2974.0625)
(339, 2962.171875)
(45, 3020.3984375)
(5569, 2949.0546875)
(340, 2960.9453125)
(46, 2974.0625)
(5570, 2950.28125)
(341, 2943.375)
(47, 2978.4921875)
(5571, 2970.9921875)
(342, 2966.0078125)
(48, 2931.890625)
(5572, 2992.171875)
(343, 2982.0078125)
(49, 3028.734375)
(5573, 3041.53125)
(344, 2956.5703125)
(50, 2921.140625)
(5574, 2953.2421875)
(345, 2977.0234375)
(51, 2998.0703125)
(5575, 2950.71875)
(346, 2998.28125)
(52, 3010.171875)
(5576, 2948.875)
(347, 2938.6171875)
(53, 2974.2890625)
(5577, 2951.1484375)
(348, 2973.296875)
(54, 2985.828125)
(5578, 2949.515625)
(349, 2973.296875)
(55, 2984.546875)
(5579, 2974.890625)
(350, 2892.234375)
(56, 3013.875)
(5580, 3001.0859375)
(351, 2976.7265625)
(57, 3009.6640625)
(5581, 2925.09375)
(352, 2996.4375)
(58, 2960.765625)
(5582, 2948.875)
(353, 2972.65625)
(59, 2973.8125)
(5583, 1975.0)
(354, 1784.75)
(60, 939.9375)
(5584, 999.390625)
(355, 999.390625)
(61, 1010.703125)
(5585, 986.921875)
(356, 1010.703125)
(62, 998.8125)
(5586, 975.03125)
(357, 998.8125)
(63, 975.03125)
(5587, 977.453125)
(358, 1001.234375)
(64, 965.5625)
(5588, 986.921875)
(359, 986.921875)
(65, 998.8125)
(5589, 1001.546875)
(360, 1001.546875)
(66, 1001.546875)
(5590, 999.421875)
(361, 999.421875)
(67, 989.234375)
(5591, 1000.515625)
(362, 976.734375)
(68, 976.7734375)
(5592, 979.0859375)
(363, 979.0859375)
(69, 978.5)
(5593, 976.765625)
(364, 1000.546875)
(70, 977.3515625)
(5594, 1001.1328125)
(365, 1004.5546875)
(71, 980.375)
(5595, 980.953125)
(366, 1002.65625)
(72, 1001.3125)
(5596, 976.375)
(367, 998.8125)
(73, 1000.15625)
(5597, 977.4375)
(368, 1004.3046875)
(74, 1004.7734375)
(5598, 1005.5234375)
(369, 1002.4375)
(75, 978.078125)
(5599, 1000.046875)
(370, 976.84375)
(76, 975.609375)
(5600, 982.265625)
(371, 981.6875)
(77, 981.6875)
(5601, 986.921875)
(372, 998.8125)
(78, 998.8125)
(5602, 991.2421875)
(373, 1003.1328125)
(79, 1004.9765625)
(5603, 1001.234375)
(374, 1001.234375)
(80, 1002.125)
(5604, 1002.125)
(375, 978.34375)
(81, 999.390625)
(5605, 984.859375)
(376, 983.5546875)
(82, 983.5546875)
(5606, 997.5078125)
(377, 998.8125)
(83, 975.03125)
(5607, 998.8125)
(378, 975.03125)
(84, 975.03125)
(5608, 986.296875)
(379, 982.546875)
(85, 996.0703125)
(5609, 984.8046875)
(380, 988.5546875)
(86, 999.390625)
(5610, 975.609375)
(381, 999.390625)
(87, 999.390625)
(5611, 999.390625)
(382, 987.984375)
(88, 1008.1015625)
(5612, 984.3203125)
(383, 900.6015625)
(89, 451.84375)
(5613, 71.34375)
(5615, 4.390625)
(386, 5.3125)
(92, 2109.953125)
(5616, 5875.65625)
(387, 7756.0625)
(93, 9923.609375)
(5617, 9892.21875)
(388, 9889.7265625)
(94, 9959.34375)
(5618, 9886.4453125)
(389, 9921.90625)
(95, 9886.234375)
(5619, 9870.8515625)
(390, 9859.171875)
(96, 9884.109375)
(5620, 9943.5625)
(391, 9907.6796875)
(97, 9894.6328125)
(5621, 9823.2890625)
(392, 9893.0)
(98, 9881.109375)
(5622, 9253.640625)
(393, 7279.796875)
(99, 2701.90625)
(394, 1.84375)
(100, 1.84375)
(5624, 1.84375)
(401, 2.734375)
(107, 2.734375)
(5631, 4.578125)
(402, 1.84375)
(108, 1.84375)
(109, 47.953125)
(5633, 630.59375)
(404, 1070.546875)
(110, 1973.84375)
(5634, 1961.953125)
(405, 1985.734375)
(111, 1986.125)
(5635, 1974.234375)
(406, 1962.34375)
(112, 1961.953125)
(5636, 1961.953125)
(407, 1973.84375)
(113, 1973.84375)
(5637, 1976.578125)
(408, 1988.46875)
(114, 2000.359375)
(5638, 1997.625)
(409, 1973.84375)
(115, 1997.625)
(5639, 1973.84375)
(410, 1973.84375)
(116, 2021.40625)
(5640, 1950.0625)
(411, 1997.625)
(117, 1974.421875)
(5641, 1962.53125)
(412, 1962.53125)
(118, 1997.625)
(5642, 1973.84375)
(413, 1938.171875)
(119, 1961.953125)
(5643, 1997.625)
(414, 1973.84375)
(120, 1961.953125)
(5644, 2033.296875)
(415, 1997.625)
(121, 2021.40625)
(5645, 1973.84375)
(416, 1985.734375)
(122, 1973.84375)
(5646, 1998.203125)
(417, 2021.984375)
(123, 1976.265625)
(5647, 1987.578125)
(418, 1963.796875)
(124, 1950.0625)
(5648, 1938.171875)
(419, 1962.828125)
(125, 1975.9375)
(5649, 1977.0625)
(420, 1964.6875)
(126, 2036.09375)
(5650, 1999.296875)
(421, 1976.796875)
(127, 1940.484375)
(5651, 1967.0)
(422, 2036.671875)
(128, 1978.1015625)
(5652, 1987.2578125)
(423, 1939.6953125)
(129, 1973.84375)
(5653, 1985.734375)
(424, 1997.625)
(130, 1973.84375)
(5654, 1997.625)
(425, 1950.0625)
(131, 1951.765625)
(5655, 1999.328125)
(426, 1999.328125)
(132, 1964.3203125)
(5656, 1999.9921875)
(427, 1964.3203125)
(133, 1961.953125)
(5657, 1973.84375)
(428, 1902.5)
(134, 1961.953125)
(5658, 1961.953125)
(429, 1973.84375)
(135, 1965.375)
(5659, 2012.9375)
(430, 2001.96875)
(136, 1985.9140625)
(5660, 1997.8046875)
(431, 1996.8828125)
(137, 1979.8671875)
(5661, 1982.359375)
(432, 1972.1953125)
(138, 1993.4296875)
(5662, 1981.78125)
(433, 1944.3828125)
(139, 2025.7734375)
(5663, 1975.4765625)
(434, 2011.1484375)
(140, 1999.46875)
(5664, 2011.359375)
(435, 1952.546875)
(141, 1976.7578125)
(5665, 1976.7578125)
(436, 1952.9765625)
(142, 1976.15625)
(5666, 1964.90625)
(437, 1976.15625)
(143, 1952.375)
(5667, 1975.515625)
(438, 1999.296875)
(144, 1993.234375)
(5668, 1923.171875)
(439, 2006.40625)
(145, 1989.1171875)
(5669, 1976.5859375)
(440, 1976.5859375)
(146, 1986.375)
(5670, 1973.84375)
(441, 1985.734375)
(147, 1974.234375)
(5671, 1962.34375)
(442, 1998.015625)
(148, 772.890625)
(5672, 321.046875)
(443, 23.78125)
(152, 3.0625)
(5676, 3.0625)
(447, 3.0625)
(5677, 1.21875)
(448, 1.21875)
(5679, 3.953125)
(450, 1.21875)
(5683, 1.21875)
(454, 1.21875)
(5691, 1.21875)
(462, 6.265625)
(5692, 5.046875)
(469, 2.734375)
(5699, 2.734375)
(5704, 1.84375)
(475, 1.84375)
